{"1": [[9.562305047001557, 9.091720098769724, 6.157568515672017, 7.947731281734023, 4.755066418716983, 2.256761805238617, 1.2925697223458006, 2.644729830659573, 0.7091465393163178, 3.492705735292987, 2.1144707698515974, 2.0724112337415157, -2.383230314273332, -3.4682825861633195, -4.205457870616517, -5.335890732729992, -7.23623065129532, -6.494396632685168, -3.5799156801276872, -4.434990501693154, -5.770191732666714, -3.3416332938661624], [9.091720098769724, 13.879482967417989, 7.647478425008485, 8.41347748739013, 6.49445653809976, 3.985864540084064, 1.5189285403841206, 5.896862034194996, 2.7978337816332015, 5.44001135100304, 3.9126429739041986, 3.466199920102871, -1.518603427914523, -5.053687837247526, -4.586903310423077, -6.87320753622794, -7.644000591114113, -8.755475066622736, -2.908115667273261, -3.3444235953719588, -4.79729784133258, -0.9509824210093334], [6.157568515672017, 7.647478425008485, 9.44116011278521, 7.862773284054581, 3.517837289040441, 1.4636779618696971, 1.643337803845164, 3.2547152992859165, 1.3049302047442026, 2.2078246746941463, 3.007819921243566, 1.7262919803581025, -5.750145334065398, -6.690727381882777, -4.581024465690188, -5.407509953400595, -6.480418669066319, -6.430112826434105, -3.2730170999945574, -4.491016700768595, -5.366861630830812, -3.737629031288393], [7.947731281734023, 8.41347748739013, 7.862773284054581, 12.735035868233314, 4.5228101209589235, 2.3450651405026868, 1.260941941704327, 3.6286431389683966, 0.9296571465814475, 3.6009302583134892, 4.373473624983244, 1.2254004901059814, -5.441274895656321, -6.838247948441388, -5.373115278452841, -7.422179825106053, -8.309217191664453, -6.986384818065187, -4.777535067476599, -5.673661622483456, -5.833942206094811, -4.296554218399038], [4.755066418716983, 6.49445653809976, 3.517837289040441, 4.5228101209589235, 6.213746710925056, 2.9045680641563205, 0.9285714017506363, 3.3861145281462113, 1.2938574329070276, 3.538102095777503, 2.9256614609232177, 1.879647153556349, 0.2033293546073247, -1.5152382576991654, -3.2434615247750997, -3.1025281825502686, -4.060403423224478, -4.570206739489041, -2.7659032490320987, -0.5760310622976527, -1.264070263231476, 1.3291102759295814], [2.256761805238617, 3.985864540084064, 1.4636779618696971, 2.3450651405026868, 2.9045680641563205, 3.9537372336347567, 1.933625490344528, 2.6213235416661482, 2.731154436424562, 2.832761115653776, 2.2806587206229487, 1.1009585846560377, 2.510266659216629, 0.580489365620404, -1.7064765569271778, -2.7723080141450795, -4.365584160494487, -4.380355268177603, -0.7630676876308682, 2.5043749874688914, 2.054510499200651, 4.282648843606901], [1.2925697223458006, 1.5189285403841206, 1.643337803845164, 1.260941941704327, 0.9285714017506363, 1.933625490344528, 5.204953733374718, 1.1318034221025877, 4.362654737562854, 3.3122361591131932, 4.70220245601004, 2.2921966607917845, 1.2119552145754384, -0.6984495391915294, -1.3911250535202915, -2.9144669536667847, -1.221409814251697, -3.2495816560344326, -2.380624418660351, 4.875233516160916, 4.54065155542025, 5.246043606806206], [2.644729830659573, 5.896862034194996, 3.2547152992859165, 3.6286431389683966, 3.3861145281462113, 2.6213235416661482, 1.1318034221025877, 4.137081136460974, 1.5819165266884898, 2.491652372980982, 2.1972684267386877, 1.858113728299279, 0.5621420289769511, -1.7603422671694724, -1.061739435500849, -3.080358874960762, -3.354370796103366, -3.933573642852023, -0.34608799101357496, -0.522729434830388, -0.1259787316052744, 1.3420749168656674], [0.7091465393163178, 2.7978337816332015, 1.3049302047442026, 0.9296571465814475, 1.2938574329070276, 2.731154436424562, 4.362654737562854, 1.5819165266884898, 8.204277323909361, 5.467733687689055, 6.884954224730911, 2.9712679014589938, 1.3439927848754953, -1.715290814633767, -4.024325172145857, -6.249139116782806, -2.3533316448152575, -5.847870980383555, -5.097681157614607, 6.443317924072185, 4.977914383004525, 7.203948973958427], [3.492705735292987, 5.44001135100304, 2.2078246746941463, 3.6009302583134892, 3.538102095777503, 2.832761115653776, 3.3122361591131932, 2.491652372980982, 5.467733687689055, 8.449797009647341, 7.670147119901653, 1.6654241938103085, 1.2015877441385743, -3.3648844978530117, -3.974131280134757, -7.500002461583004, -6.323630488492791, -7.212969180480629, -3.8035632637597567, 1.1327238205067163, 0.3578502093057122, 3.250998573855769], [2.1144707698515974, 3.9126429739041986, 3.007819921243566, 4.373473624983244, 2.9256614609232177, 2.2806587206229487, 4.70220245601004, 2.1972684267386877, 6.884954224730911, 7.670147119901653, 10.963397894910496, 1.3423020119089368, -0.9809624320762155, -6.3483593351402, -4.979621341180007, -8.87475711094563, -6.257109208433542, -8.123738390165299, -5.705213388376555, 2.729238628630586, 2.3568548037398203, 4.038870386782876], [2.0724112337415157, 3.466199920102871, 1.7262919803581025, 1.2254004901059814, 1.879647153556349, 1.1009585846560377, 2.2921966607917845, 1.858113728299279, 2.9712679014589938, 1.6654241938103085, 1.3423020119089368, 4.797297292469175, 1.6705697650510465, 1.1259062580018382, -0.8282624221483319, -1.1553311248342046, 1.7177828768296108, -0.9858889872461118, -1.7996748028704044, 3.9780018625296947, 2.5606290391990956, 3.187417022558895], [-2.383230314273332, -1.518603427914523, -5.750145334065398, -5.441274895656321, 0.2033293546073247, 2.510266659216629, 1.2119552145754384, 0.5621420289769511, 1.3439927848754953, 1.2015877441385743, -0.9809624320762155, 1.6705697650510465, 13.232666036423925, 11.170795371925623, 6.253618624619344, 4.374794724407594, 3.968844543255161, 3.388945144883414, 5.2537785557300625, 10.943743524958853, 11.336625775350537, 12.441521736301473], [-3.4682825861633195, -5.053687837247526, -6.690727381882777, -6.838247948441388, -1.5152382576991654, 0.580489365620404, -0.6984495391915294, -1.7603422671694724, -1.715290814633767, -3.3648844978530117, -6.3483593351402, 1.1259062580018382, 11.170795371925623, 16.1510679866612, 7.109120489514493, 8.813947805241163, 7.200056957105913, 8.042201876519654, 5.908787274031744, 10.585761456010179, 10.607538302788532, 9.786301661370757], [-4.205457870616517, -4.586903310423077, -4.581024465690188, -5.373115278452841, -3.2434615247750997, -1.7064765569271778, -1.3911250535202915, -1.061739435500849, -4.024325172145857, -3.974131280134757, -4.979621341180007, -0.8282624221483319, 6.253618624619344, 7.109120489514493, 11.696474764747313, 10.437112270494838, 10.753121871097994, 10.348466650117858, 9.806899702713235, 3.4562337394854357, 5.267369568167634, 4.928597921655401], [-5.335890732729992, -6.87320753622794, -5.407509953400595, -7.422179825106053, -3.1025281825502686, -2.7723080141450795, -2.9144669536667847, -3.080358874960762, -6.249139116782806, -7.500002461583004, -8.87475711094563, -1.1553311248342046, 4.374794724407594, 8.813947805241163, 10.437112270494838, 17.994482838999012, 17.92763536673261, 16.42677736093807, 8.856375780625143, 3.7524813163419823, 3.664187573370122, 2.748943302808469], [-7.23623065129532, -7.644000591114113, -6.480418669066319, -8.309217191664453, -4.060403423224478, -4.365584160494487, -1.221409814251697, -3.354370796103366, -2.3533316448152575, -6.323630488492791, -6.257109208433542, 1.7177828768296108, 3.968844543255161, 7.200056957105913, 10.753121871097994, 17.92763536673261, 28.37512379442873, 19.470072092185877, 5.869674677034292, 8.852158058881859, 7.8157182632828786, 8.171220637067732], [-6.494396632685168, -8.755475066622736, -6.430112826434105, -6.986384818065187, -4.570206739489041, -4.380355268177603, -3.2495816560344326, -3.933573642852023, -5.847870980383555, -7.212969180480629, -8.123738390165299, -0.9858889872461118, 3.388945144883414, 8.042201876519654, 10.348466650117858, 16.42677736093807, 19.470072092185877, 17.96281974653535, 7.976781897061298, 3.54027519294747, 3.57520636853733, 1.6693628417393942], [-3.5799156801276872, -2.908115667273261, -3.2730170999945574, -4.777535067476599, -2.7659032490320987, -0.7630676876308682, -2.380624418660351, -0.34608799101357496, -5.097681157614607, -3.8035632637597567, -5.705213388376555, -1.7996748028704044, 5.2537785557300625, 5.908787274031744, 9.806899702713235, 8.856375780625143, 5.869674677034292, 7.976781897061298, 11.672631917706166, 0.875642818824095, 2.3958753066119924, 1.830258100371536], [-4.434990501693154, -3.3444235953719588, -4.491016700768595, -5.673661622483456, -0.5760310622976527, 2.5043749874688914, 4.875233516160916, -0.522729434830388, 6.443317924072185, 1.1327238205067163, 2.729238628630586, 3.9780018625296947, 10.943743524958853, 10.585761456010179, 3.4562337394854357, 3.7524813163419823, 8.852158058881859, 3.54027519294747, 0.875642818824095, 20.386922450008626, 18.183121244880095, 19.64507520295263], [-5.770191732666714, -4.79729784133258, -5.366861630830812, -5.833942206094811, -1.264070263231476, 2.054510499200651, 4.54065155542025, -0.1259787316052744, 4.977914383004525, 0.3578502093057122, 2.3568548037398203, 2.5606290391990956, 11.336625775350537, 10.607538302788532, 5.267369568167634, 3.664187573370122, 7.8157182632828786, 3.57520636853733, 2.3958753066119924, 18.183121244880095, 19.051326603158234, 19.079049837010885], [-3.3416332938661624, -0.9509824210093334, -3.737629031288393, -4.296554218399038, 1.3291102759295814, 4.282648843606901, 5.246043606806206, 1.3420749168656674, 7.203948973958427, 3.250998573855769, 4.038870386782876, 3.187417022558895, 12.441521736301473, 9.786301661370757, 4.928597921655401, 2.748943302808469, 8.171220637067732, 1.6693628417393942, 1.830258100371536, 19.64507520295263, 19.079049837010885, 24.024466534043693]], "2": [[4.176390478898615, 2.2798275376153136, 2.1804782877381927, 2.3483083370869635, 1.2666764539228645, 1.0242063888452346, 1.3673273034156535, 1.5942603786779554, 1.8337172005626416, 1.5663868256091633, 0.7933107206714508, -0.43917459140554294, -0.22571874231744937, 0.3536842050131508, -0.3577596236826923, -0.6535810590388154, -0.4696828008100251, -2.2032339000344314, -3.861991883006363, -2.333751281171097, -0.8165593618358316, 0.08140516697942579], [2.2798275376153136, 9.838935629131221, 7.506005889798926, 3.054645715044542, 0.9918375873497599, 0.5348931934186227, 3.0333872009135323, 2.3847740367942594, 3.1915471124493777, 1.768265402429511, -0.21781742439359453, 3.2109125591322822, 0.44289396366635975, 1.344717602730415, -3.4133865271730772, 1.0232981618897061, 1.9952462876763297, 2.55975916454638, -4.0791438355784075, 1.5775505823670106, 0.35501772843212687, 0.7412623904024321], [2.1804782877381927, 7.506005889798926, 11.394400297579327, 4.209018002977376, 0.3795746466139709, -0.08692981727368498, 1.6353834260473699, 2.68595228965724, 1.9085315053030263, 0.307854737039734, 0.8457944762141545, 5.199325416155897, 1.7061114442985723, 4.322746856977517, -0.9707201220762162, -1.8081813964079476, -1.7772063335038184, 1.8858638164997177, -0.1837474256967624, 5.24860164126817, 2.2156621510000707, 3.311477603296168], [2.3483083370869635, 3.054645715044542, 4.209018002977376, 5.76448710107155, 1.328374967433187, 0.9739051632968043, 0.1953842156197682, 1.0783543989610433, -0.3841453458928168, 0.9020926723392253, 4.121596205567801, 1.5442761205214224, 2.222504568439268, -0.8350726311987414, 3.7394663036905387, 1.74939448079836, -0.754661867763716, -1.9148195213556274, 3.522716406438843, 3.3880834105349265, 2.8332982396698956, 4.585776561310519], [1.2666764539228645, 0.9918375873497599, 0.3795746466139709, 1.328374967433187, 3.9546527714250566, 2.24539687291735, -0.4368362622971582, 1.0694205543116515, 0.4538969598518807, 0.7636303801708851, 1.1835583090776298, -0.22996971345100392, 1.8619027467654132, -1.6737515100521068, -2.503259304808188, -2.1853700799436515, -1.3729668456803599, -3.628083074893453, -1.26355753344754, 0.06388233253690678, -0.2865071121211822, 0.6048345137494343], [1.0242063888452346, 0.5348931934186227, -0.08692981727368498, 0.9739051632968043, 2.24539687291735, 3.501904473972992, 0.704669094704822, 0.7289097220852658, 0.9911782028363264, 1.0374316368228933, 1.8255100763692733, -0.9894733955461681, 3.7880362799519234, -0.4681547084788604, 1.139423416646351, -1.440531126189197, -2.4252941628731617, -4.045437270019514, -0.3310425874580737, 1.1679677142924207, 2.615083256531533, 4.297538918838518], [1.3673273034156535, 3.0333872009135323, 1.6353834260473699, 0.1953842156197682, -0.4368362622971582, 0.704669094704822, 3.99698251852913, 1.642775893385676, 3.105468985077559, 2.4711562268558405, 0.2664202128078337, 1.056283486435167, 0.5710638905055854, 2.096638581290088, -0.9940545825717617, 0.004162093296451008, -0.38781843968552, -1.0849041219057556, -3.9309734230941746, -0.8143459481479067, 0.8532371475011313, 2.091320486015766], [1.5942603786779554, 2.3847740367942594, 2.68595228965724, 1.0783543989610433, 1.0694205543116515, 0.7289097220852658, 1.642775893385676, 2.9023731995197966, 2.0251021930046664, 1.1913581899993637, 0.7138440888747172, 1.1253288399058965, -0.4140920565708427, 1.2517508056099405, -0.6484199382545252, 1.4897137559877682, 1.8149952366760453, 0.07777825560018403, -4.641412010123869, -3.0733348766318587, -1.231188451513363, -0.3805395802630098], [1.8337172005626416, 3.1915471124493777, 1.9085315053030263, -0.3841453458928168, 0.4538969598518807, 0.9911782028363264, 3.105468985077559, 2.0251021930046664, 4.119080841313773, 2.4817178519537615, -0.45987930100070695, 1.087427113315611, 0.004738782471082947, 2.4690881992890277, -3.069973177951004, -1.959357629610012, -0.2897962946424626, -0.8393550646519372, -6.516583661794755, -2.586122434949873, -0.6335995135947396, -0.3465121722584843], [1.5663868256091633, 1.768265402429511, 0.307854737039734, 0.9020926723392253, 0.7636303801708851, 1.0374316368228933, 2.4711562268558405, 1.1913581899993637, 2.4817178519537615, 3.4758581104929305, 1.874422798030331, 1.0488774604389843, 0.9202289687488685, 1.0597585491874293, -1.1710243562707858, -1.988510456299915, -1.3977933702170526, -3.1410021067232745, -3.8374527776899034, -1.57523295167343, 0.37030739734982976, 0.8862977546094454], [0.7933107206714508, -0.21781742439359453, 0.8457944762141545, 4.121596205567801, 1.1835583090776298, 1.8255100763692733, 0.2664202128078337, 0.7138440888747172, -0.45987930100070695, 1.874422798030331, 7.71154304085167, 1.8588566669604074, 4.712310637206873, -0.027069424033583034, 7.620940195308966, 1.2786131866756922, -3.2721417272423645, -5.1199461671763284, 4.435980886597711, 3.1240672843438206, 5.461624525894231, 8.135180725720376], [-0.43917459140554294, 3.2109125591322822, 5.199325416155897, 1.5442761205214224, -0.22996971345100392, -0.9894733955461681, 1.056283486435167, 1.1253288399058965, 1.087427113315611, 1.0488774604389843, 1.8588566669604074, 9.173248645851528, 1.7417908695032525, 5.303912706229779, -3.0483649513542135, -4.990249408040087, -6.294910668957155, -2.0424772482939053, 0.32406599137224223, 5.654548797533372, 3.3859601693093895, 1.2627275676912466], [-0.22571874231744937, 0.44289396366635975, 1.7061114442985723, 2.222504568439268, 1.8619027467654132, 3.7880362799519234, 0.5710638905055854, -0.4140920565708427, 0.004738782471082947, 0.9202289687488685, 4.712310637206873, 1.7417908695032525, 8.755812031144515, 1.9736498315506221, 5.003062009575228, -3.85479430959976, -8.179227089811015, -6.7091265535283515, 6.987168181244769, 8.940054719723557, 8.355101236946126, 11.974717996900736], [0.3536842050131508, 1.344717602730415, 4.322746856977517, -0.8350726311987414, -1.6737515100521068, -0.4681547084788604, 2.096638581290088, 1.2517508056099405, 2.4690881992890277, 1.0597585491874293, -0.027069424033583034, 5.303912706229779, 1.9736498315506221, 9.086525374234729, 1.1569832138564058, -5.116824813486778, -8.595571169945561, 0.1017486820600948, 2.25210186405748, 5.283262953054298, 4.655593607626767, 4.306585541345022], [-0.3577596236826923, -3.4133865271730772, -0.9707201220762162, 3.7394663036905387, -2.503259304808188, 1.139423416646351, -0.9940545825717617, -0.6484199382545252, -3.069973177951004, -1.1710243562707858, 7.620940195308966, -3.0483649513542135, 5.003062009575228, 1.1569832138564058, 23.058882063850252, 12.39815507700219, 0.6952386818259328, 3.83706505257374, 17.646187026985295, 5.3647246114854354, 9.292177852781602, 15.050328062364962], [-0.6535810590388154, 1.0232981618897061, -1.8081813964079476, 1.74939448079836, -2.1853700799436515, -1.440531126189197, 0.004162093296451008, 1.4897137559877682, -1.959357629610012, -1.988510456299915, 1.2786131866756922, -4.990249408040087, -3.85479430959976, -5.116824813486778, 12.39815507700219, 24.263117382653423, 21.800016834486286, 13.293561916978508, 1.830983077408232, -8.200363104797722, -3.9275082869534073, -0.22982627017314827], [-0.4696828008100251, 1.9952462876763297, -1.7772063335038184, -0.754661867763716, -1.3729668456803599, -2.4252941628731617, -0.38781843968552, 1.8149952366760453, -0.2897962946424626, -1.3977933702170526, -3.2721417272423645, -6.294910668957155, -8.179227089811015, -8.595571169945561, 0.6952386818259328, 21.800016834486286, 33.46866450940668, 15.191045487741025, -14.47384052698409, -18.051475690099757, -13.693664087551682, -12.786198370976386], [-2.2032339000344314, 2.55975916454638, 1.8858638164997177, -1.9148195213556274, -3.628083074893453, -4.045437270019514, -1.0849041219057556, 0.07777825560018403, -0.8393550646519372, -3.1410021067232745, -5.1199461671763284, -2.0424772482939053, -6.7091265535283515, 0.1017486820600948, 3.83706505257374, 13.293561916978508, 15.191045487741025, 18.587208240476528, 2.6563539646715895, -3.085725624096651, -4.195635409764142, -6.196844843025312], [-3.861991883006363, -4.0791438355784075, -0.1837474256967624, 3.522716406438843, -1.26355753344754, -0.3310425874580737, -3.9309734230941746, -4.641412010123869, -6.516583661794755, -3.8374527776899034, 4.435980886597711, 0.32406599137224223, 6.987168181244769, 2.25210186405748, 17.646187026985295, 1.830983077408232, -14.47384052698409, 2.6563539646715895, 37.15482550775028, 22.486078046177035, 14.980467009281108, 18.97467490004066], [-2.333751281171097, 1.5775505823670106, 5.24860164126817, 3.3880834105349265, 0.06388233253690678, 1.1679677142924207, -0.8143459481479067, -3.0733348766318587, -2.586122434949873, -1.57523295167343, 3.1240672843438206, 5.654548797533372, 8.940054719723557, 5.283262953054298, 5.3647246114854354, -8.200363104797722, -18.051475690099757, -3.085725624096651, 22.486078046177035, 25.066408406074796, 15.730233763920532, 16.50358119383498], [-0.8165593618358316, 0.35501772843212687, 2.2156621510000707, 2.8332982396698956, -0.2865071121211822, 2.615083256531533, 0.8532371475011313, -1.231188451513363, -0.6335995135947396, 0.37030739734982976, 5.461624525894231, 3.3859601693093895, 8.355101236946126, 4.655593607626767, 9.292177852781602, -3.9275082869534073, -13.693664087551682, -4.195635409764142, 14.980467009281108, 15.730233763920532, 14.71017418276117, 16.025054951165302], [0.08140516697942579, 0.7412623904024321, 3.311477603296168, 4.585776561310519, 0.6048345137494343, 4.297538918838518, 2.091320486015766, -0.3805395802630098, -0.3465121722584843, 0.8862977546094454, 8.135180725720376, 1.2627275676912466, 11.974717996900736, 4.306585541345022, 15.050328062364962, -0.22982627017314827, -12.786198370976386, -6.196844843025312, 18.97467490004066, 16.50358119383498, 16.025054951165302, 24.727397288727516]], "3": [[68.90049366889126, 58.04402744280281, 69.02305297781541, 60.74029734484433, 22.11475348770595, 19.987332686540086, 23.371438436581094, 22.697539283497804, 25.156130272812646, 19.113955867506228, 17.303656267403067, 32.85355874638858, 17.355433979381075, 21.261313545167567, -27.587199973138574, -53.86263167341015, -69.9273831093431, -63.9636666782881, -27.399905227476953, 31.764007600446554, 27.421714660598, 23.546574210688984], [58.04402744280281, 54.66271095614592, 61.01067076771803, 51.425721149963664, 24.195792509478434, 22.384689012385532, 27.20555281485839, 24.363629609088377, 29.148030261037615, 22.18539119846995, 19.662974256014493, 34.62834194951096, 21.200956118331796, 23.96227290110909, -29.80644966061425, -53.81734763513971, -68.99029466154425, -64.70929138876242, -27.143368526324732, 28.42763146557657, 29.31731780854978, 24.355425778270074], [69.02305297781541, 61.01067076771803, 76.53416170805727, 64.34144622997002, 23.084382696746324, 19.689216135737343, 24.541227042238543, 24.270575495899887, 26.539126078942736, 19.496431631679435, 17.466394229850184, 36.929195828328695, 19.653959933022833, 24.451010408117227, -20.556467371487976, -47.27002786975354, -59.2024771807244, -57.97935712829438, -20.774432568744555, 32.12480614378655, 28.89871649304786, 23.96446706004248], [60.74029734484433, 51.425721149963664, 64.34144622997002, 61.17102558482155, 17.196482950848626, 15.141333812377681, 18.522938919413892, 20.51667917777354, 21.22599180999688, 16.68294074900099, 15.960956206497945, 29.501589269113328, 14.648878953737055, 19.404652628157876, -12.70216777011461, -37.426320171231055, -47.69602309370491, -43.329870142340916, -14.73768346320454, 29.597898842358454, 24.798976526651515, 20.720975387141394], [22.11475348770595, 24.195792509478434, 23.084382696746324, 17.196482950848626, 21.6609283122927, 20.091812684141615, 22.586453185272696, 18.49716732028959, 25.781034577686437, 20.581555061784854, 17.16679751624675, 22.987293934523258, 22.528724249147764, 21.787189763738336, -17.48443523342951, -36.9994590006238, -54.31866109811787, -44.73827385548536, -15.324013206344599, 18.05010096791926, 22.461974852268522, 19.501020575742082], [19.987332686540086, 22.384689012385532, 19.689216135737343, 15.141333812377681, 20.091812684141615, 21.937757193774466, 24.355862938929082, 18.715169584416145, 26.856577701825294, 22.95536844756922, 19.67405337482883, 24.044359145354562, 23.500599968334274, 22.750866069186582, -14.59514802265512, -38.4296941869392, -57.313309962593756, -44.903652603570976, -12.15322878216763, 18.74138842196889, 23.779899420833004, 21.72628415805175], [23.371438436581094, 27.20555281485839, 24.541227042238543, 18.522938919413892, 22.586453185272696, 24.355862938929082, 29.380096788529137, 21.846271765242292, 30.15283935693418, 25.959014452285988, 22.365686077675488, 28.125476924350608, 26.990686896715143, 27.00278386016142, -16.108322566847498, -44.40827233133223, -65.43336877908257, -51.834790178571204, -14.735070987035352, 21.036992003778565, 27.05393101248643, 24.04905954707826], [22.697539283497804, 24.363629609088377, 24.270575495899887, 20.51667917777354, 18.49716732028959, 18.715169584416145, 21.846271765242292, 19.173642899019793, 25.09630223564437, 20.874887717473626, 18.304903453367366, 23.956874889872807, 20.93802088691445, 22.10879231209156, -12.777863545497173, -35.822990789604155, -49.55107858514014, -39.27347929469762, -10.74456344907975, 19.554810010879166, 23.53733798909326, 20.52701795206787], [25.156130272812646, 29.148030261037615, 26.539126078942736, 21.22599180999688, 25.781034577686437, 26.856577701825294, 30.15283935693418, 25.09630223564437, 36.5721441679682, 28.606161243196407, 25.447110565822822, 32.14687031758767, 29.310442121776227, 29.813664239311098, -18.628267866660565, -44.81953344466149, -63.404360941528495, -50.13054814944238, -13.375125847835196, 25.00887928599498, 31.691729401486153, 28.424844347072398], [19.113955867506228, 22.18539119846995, 19.496431631679435, 16.68294074900099, 20.581555061784854, 22.95536844756922, 25.959014452285988, 20.874887717473626, 28.606161243196407, 27.00169658352234, 22.6224267326296, 25.414043358582365, 25.94613541449887, 24.929614975249933, -12.038609302241374, -43.24636675182933, -63.328258424099396, -47.93107289293651, -11.224137086689906, 20.119558211065545, 26.51626240574689, 23.3941934333668], [17.303656267403067, 19.662974256014493, 17.466394229850184, 15.960956206497945, 17.16679751624675, 19.67405337482883, 22.365686077675488, 18.304903453367366, 25.447110565822822, 22.6224267326296, 20.815891426020784, 22.498266709063348, 22.157278123559816, 22.433079055845102, -10.06706958932339, -36.205043358475045, -53.43380779722765, -39.370997670161636, -8.428099571461114, 18.74178218103132, 23.100726844056, 20.890211332290228], [32.85355874638858, 34.62834194951096, 36.929195828328695, 29.501589269113328, 22.987293934523258, 24.044359145354562, 28.125476924350608, 23.956874889872807, 32.14687031758767, 25.414043358582365, 22.498266709063348, 35.304600620072115, 25.95254091190031, 28.069593480163604, -16.343708966479216, -46.31326806550699, -60.75761285912626, -50.86972144484905, -10.427018176756436, 27.163020044364252, 31.410797518735855, 27.4904793714008], [17.355433979381075, 21.200956118331796, 19.653959933022833, 14.648878953737055, 22.528724249147764, 23.500599968334274, 26.990686896715143, 20.93802088691445, 29.310442121776227, 25.94613541449887, 22.157278123559816, 25.95254091190031, 30.262692331629804, 28.129945259844742, -9.545509270954186, -41.380542418654905, -65.29568196008674, -48.40678844109086, -9.172568730586114, 21.029670284701503, 26.258351579806423, 23.049369807378675], [21.261313545167567, 23.96227290110909, 24.451010408117227, 19.404652628157876, 21.787189763738336, 22.750866069186582, 27.00278386016142, 22.10879231209156, 29.813664239311098, 24.929614975249933, 22.433079055845102, 28.069593480163604, 28.129945259844742, 33.771553359352374, -0.12527593386786023, -29.903014437696342, -48.902906199805855, -34.69901474593991, -1.8300866141373762, 24.622166415495478, 25.99327922198339, 25.7348273949112], [-27.587199973138574, -29.80644966061425, -20.556467371487976, -12.70216777011461, -17.48443523342951, -14.59514802265512, -16.108322566847498, -12.777863545497173, -18.628267866660565, -12.038609302241374, -10.06706958932339, -16.343708966479216, -9.545509270954186, -0.12527593386786023, 81.87985370844584, 93.876464258925, 109.17228733364212, 101.778431678173, 62.685104902823525, -9.660186276507213, -19.10186157228825, -7.392782834796804], [-53.86263167341015, -53.81734763513971, -47.27002786975354, -37.426320171231055, -36.9994590006238, -38.4296941869392, -44.40827233133223, -35.822990789604155, -44.81953344466149, -43.24636675182933, -36.205043358475045, -46.31326806550699, -41.380542418654905, -29.903014437696342, 93.876464258925, 180.21586807311667, 225.88776448266273, 187.02801011944172, 78.08651263676117, -39.268168089588166, -50.081524029030625, -31.735723511669466], [-69.9273831093431, -68.99029466154425, -59.2024771807244, -47.69602309370491, -54.31866109811787, -57.313309962593756, -65.43336877908257, -49.55107858514014, -63.404360941528495, -63.328258424099396, -53.43380779722765, -60.75761285912626, -65.29568196008674, -48.902906199805855, 109.17228733364212, 225.88776448266273, 307.4345751120979, 244.23848964732562, 96.4506932142181, -53.847891949838726, -66.6599668966142, -45.57592194495432], [-63.9636666782881, -64.70929138876242, -57.97935712829438, -43.329870142340916, -44.73827385548536, -44.903652603570976, -51.834790178571204, -39.27347929469762, -50.13054814944238, -47.93107289293651, -39.370997670161636, -50.86972144484905, -48.40678844109086, -34.69901474593991, 101.778431678173, 187.02801011944172, 244.23848964732562, 205.41357639749123, 87.96480519560909, -40.596190476063555, -53.12472234145532, -34.43737341204736], [-27.399905227476953, -27.143368526324732, -20.774432568744555, -14.73768346320454, -15.324013206344599, -12.15322878216763, -14.735070987035352, -10.74456344907975, -13.375125847835196, -11.224137086689906, -8.428099571461114, -10.427018176756436, -9.172568730586114, -1.8300866141373762, 62.685104902823525, 78.08651263676117, 96.4506932142181, 87.96480519560909, 56.21998381461792, -6.648352590381791, -13.473562345174773, -4.29745646983067], [31.764007600446554, 28.42763146557657, 32.12480614378655, 29.597898842358454, 18.05010096791926, 18.74138842196889, 21.036992003778565, 19.554810010879166, 25.00887928599498, 20.119558211065545, 18.74178218103132, 27.163020044364252, 21.029670284701503, 24.622166415495478, -9.660186276507213, -39.268168089588166, -53.847891949838726, -40.596190476063555, -6.648352590381791, 29.39144902303804, 26.189360312780828, 24.642761737783513], [27.421714660598, 29.31731780854978, 28.89871649304786, 24.798976526651515, 22.461974852268522, 23.779899420833004, 27.05393101248643, 23.53733798909326, 31.691729401486153, 26.51626240574689, 23.100726844056, 31.410797518735855, 26.258351579806423, 25.99327922198339, -19.10186157228825, -50.081524029030625, -66.6599668966142, -53.12472234145532, -13.473562345174773, 26.189360312780828, 32.474915571606765, 27.645287644305007], [23.546574210688984, 24.355425778270074, 23.96446706004248, 20.720975387141394, 19.501020575742082, 21.72628415805175, 24.04905954707826, 20.52701795206787, 28.424844347072398, 23.3941934333668, 20.890211332290228, 27.4904793714008, 23.049369807378675, 25.7348273949112, -7.392782834796804, -31.735723511669466, -45.57592194495432, -34.43737341204736, -4.29745646983067, 24.642761737783513, 27.645287644305007, 27.33137907310252]]}